10

88
11 4 1.00000038 1.00057 1.10e-14
21 4 1.00000038 1.00057 1.10e-14
31 4 1.00000038 1.00057 1.10e-14
41 4 1.00000038 1.00057 1.10e-14
51 4 1.00000038 1.00057 1.10e-14
61 4 1.00000038 1.00057 1.10e-14
71 4 1.00000038 1.00057 1.10e-14
81 4 1.00000038 1.00057 1.10e-14
91 4 1.00000038 1.00057 1.10e-14
101 4 1.00000038 1.00057 1.10e-14
111 4 1.00000038 1.00057 1.10e-14
121 4 1.00000038 1.00057 1.10e-14
131 4 1.00000038 1.00057 1.10e-14
141 4 1.00000038 1.00057 1.10e-14
151 4 1.00000038 1.00057 1.10e-14
161 4 1.00000038 1.00057 1.10e-14
171 4 1.00000038 1.00057 1.10e-14
181 4 1.00000038 1.00057 1.10e-14
191 4 1.00000038 1.00057 1.10e-14
201 4 1.00000038 1.00057 1.10e-14
211 4 1.00000038 1.00057 1.10e-14
221 4 1.00000038 1.00057 1.10e-14
231 4 1.00000038 1.00057 1.10e-14
241 4 1.00000038 1.00057 1.10e-14
251 4 1.00000038 1.00057 1.10e-14
261 4 1.00000038 1.00057 1.10e-14
271 4 1.00000038 1.00057 1.10e-14
281 4 1.00000038 1.00057 1.10e-14
291 4 1.00000038 1.00057 1.10e-14
12 4 1 0 3.3
22 4 1 0 3.3
32 4 1 0 3.3
42 4 1 0 3.3
52 4 1 0 3.3
62 4 1 0 3.3
72 4 1 0 3.3
82 4 1 0 3.3
92 4 1 0 3.3
102 4 1 0 3.3
112 4 1 0 3.3
122 4 1 0 3.3
132 4 1 0 3.3
142 4 1 0 3.3
152 4 1 0 3.3
162 4 1 0 3.3
172 4 1 0 3.3
182 4 1 0 3.3
192 4 1 0 3.3
202 4 1 0 3.3
212 4 1 0 3.3
222 4 1 0 3.3
232 4 1 0 3.3
242 4 1 0 3.3
252 4 1 0 3.3
262 4 1 0 3.3
272 4 1 0 3.3
282 4 1 0 3.3
292 4 1 0 3.3
25 2 22 2
35 2 22 2
45 2 22 2
55 2 22 2
65 2 22 2
75 2 22 2
85 2 22 2
95 2 22 2
105 2 22 2
115 2 22 2
125 2 22 2
135 2 22 2
145 2 22 2
155 2 22 2
165 2 22 2
175 2 22 2
185 2 22 2
195 2 22 2
205 2 22 2
215 2 22 2
225 2 22 2
235 2 22 2
245 2 22 2
255 2 22 2
265 2 22 2
275 2 22 2
285 2 22 2
295 2 22 2
664828 2 22 1
1 1 11 1.0

0
